### Frequentist estimators ###

--- Observations counts ---
counts: [34.11, 33.21, 32.68]

--- Estimation errors ---
survival:       0.07765002365541256     (0.0025175992453841237)
cumincidence:   [0.1810203813366664, 0.19761686820437252, 0.20601675767539998]  ([0.007299629617851473, 0.006966146976183881, 0.008891654976712054])


### Restaurant franchise estimators ###

--- Parameters ---
Dishes: 17.69388
Theta:  7.972146092031313
Alpha:  0.4045904736700703

### marginal method

--- Survival function ---
error:  0.04592414899507531     (0.0024403533419813045)
inband: 0.6845273631840797      (0.026309267594547225)
bandwidth:      0.11024033050638905     (0.0006872038673651711)

--- Incidence functions ---
error:  [0.09504647445843893, 0.08345771535265493, 0.09619992819209335] ([0.0032476169336955784, 0.0029686016237996725, 0.0040908921117582524])
inband: 0.741625207296849       (0.016325575808113925)
bandwidth:      0.44911412678192963     (0.009994047712612603)

--- Cumulative incidence functions ---
error:  [0.12727959730653252, 0.11809848282187926, 0.1278599793847097]  ([0.006647936746450265, 0.006652363972586043, 0.007707166454669905])
inband: 0.4786733001658374      (0.03262765762148776)
bandwidth:      0.0600595424691735      (0.0009055742252431207)

### conditional method

--- Survival function ---
error:  0.04648358647397923     (0.0024879281695111416)
inband: 0.9264179104477611      (0.014821032509278806)
bandwidth:      0.1730146144264365      (0.0003322546735661135)

--- Incidence functions ---
error:  [0.09579532449758783, 0.08365120338834853, 0.09549490052171215] ([0.0032768387858249466, 0.0029795609434522035, 0.004065141458753658])
inband: 0.9380762852404646      (0.010103389965088973)
bandwidth:      0.5147279726869535      (0.010542636183174026)

--- Cumulative incidence functions ---
error:  [0.12883909219412082, 0.11877692800871932, 0.12742293347060044] ([0.006655021543145107, 0.00668923912085852, 0.007706456247122159])
inband: 0.9481757877280265      (0.016593720096180327)
bandwidth:      0.1681834009162745      (0.0006501813938272623)


### Restaurant array estimators ###

--- Parameters ---
Dishes: 35.42329
Theta:  6.218847261770787
Alpha:  0.6125312733513784

### marginal method

--- Survival function ---
error:  0.05220509991911931     (0.0026312104715290456)
inband: 0.5811442786069653      (0.022342359731530995)
bandwidth:      0.10029518977377914     (0.0007351747806416673)

--- Incidence functions ---
error:  [0.10817886690787412, 0.09328503254068929, 0.09780203607717515] ([0.003476833929193791, 0.0031613652652138654, 0.004640455800699923])
inband: 0.6722222222222222      (0.016355972926088314)
bandwidth:      0.4217809934130961      (0.010156248770636386)

--- Cumulative incidence functions ---
error:  [0.138297605225329, 0.12899717336099195, 0.13430290444768056]   ([0.006772008235247699, 0.006919615328723508, 0.008179991293486729])
inband: 0.45865671641791045     (0.03238114343847379)
bandwidth:      0.06015916510510962     (0.0008490711865841038)

### conditional method

--- Survival function ---
error:  0.053833794435747685    (0.0027528424077997303)
inband: 0.8310447761194031      (0.020841000087163972)
bandwidth:      0.16954599535970843     (0.00033438730176122935)

--- Incidence functions ---
error:  [0.10957679022676374, 0.09398208649319209, 0.0971844304176173]  ([0.0035417848040508472, 0.00318822663834623, 0.004618163597701492])
inband: 0.8965671641791046      (0.01238820554404405)
bandwidth:      0.4859995722584151      (0.010765483919272456)

--- Cumulative incidence functions ---
error:  [0.14083739678991364, 0.13067224291985047, 0.13450785635186174] ([0.006815176979611324, 0.006939193372209634, 0.00817390687627833])
inband: 0.9291044776119403      (0.01830360799832809)
bandwidth:      0.1721335009665902      (0.0006966781044152407)
